          xmin        ymin        xmax        ymax  confidence  class name
7     0.259272  576.928711   41.713806  639.468506    0.779815      0   b1
6   362.526367  205.882446  410.298706  238.129517    0.862239      0   b1
0   368.519226  472.704041  446.353821  548.099792    0.949440      0   b1
8   369.554840  329.915680  478.768402  446.119598    0.705190      0   b1
5   383.819458  558.724670  465.741211  639.534363    0.897467      0   b1
1   436.981232  314.903717  510.436432  383.938934    0.939959      0   b1
3   454.532257  406.034668  532.709106  492.682373    0.936538      0   b1
11  496.914307  604.358765  582.497559  640.000000    0.404735      0   b1
13  503.530823  215.128220  565.096130  296.871246    0.278380      0   b1
4   508.308136    0.000000  573.202271   48.375008    0.900902      0   b1
2   529.960388  102.289474  604.089783  182.067886    0.939355      0   b1
12  603.746765    0.038536  639.309998   20.182236    0.283345      0   b1
10  618.981506   86.832367  640.000000  156.711288    0.571480      0   b1
9   619.962524  471.930664  640.000000  543.590149    0.680893      0   b1